0 0.4690451388888889 0.2325173611111111 0.07614583333333336 0.1328125
0 0.40857638888888886 0.23821180555555554 0.04180555555555561 0.09770833333333337
0 0.35692708333333334 0.25661458333333337 0.05611111111111109 0.1386111111111111
0 0.22598958333333333 0.28185763888888893 0.06336805555555554 0.12628472222222217
0 0.1671875 0.25005208333333334 0.031597222222222235 0.07874999999999996
0 0.12472222222222222 0.25536458333333334 0.0640277777777778 0.10600694444444443
0 0.7744444444444445 0.31124999999999997 0.08159722222222214 0.15010416666666676
0 0.8863368055555554 0.3098263888888889 0.06781250000000014 0.1560416666666667
0 0.36803819444444447 0.4992881944444444 0.14406249999999998 0.25607638888888895
0 0.13369791666666667 0.4932986111111111 0.12947916666666667 0.2089236111111111
0 0.07546006944444444 0.7246875 0.1509201388888889 0.33031249999999995