0 0.04609375 0.728125 0.090625 0.20859375
0 0.35625 0.70234375 0.153125 0.21171875
0 0.22421875 0.61328125 0.096875 0.1921875
0 0.415625 0.503125 0.0875 0.1796875
0 0.61875 0.6671875 0.10078125 0.1046875
0 0.8203125 0.57734375 0.07265625 0.11953125
0 0.478125 0.70625 0.08046875 0.159375
0 0.57578125 0.75390625 0.16796875 0.228125
0 0.81484375 0.8203125 0.20390625 0.21328125
0 0.77265625 0.665625 0.15 0.1703125
0 0.9640625 0.671875 0.071875 0.16796875
0 0.615625 0.475 0.03515625 0.05859375
0 0.64375 0.5640625 0.07421875 0.11640625
0 0.7015625 0.52109375 0.053125 0.10234375
0 0.484375 0.43359375 0.01875 0.0453125
0 0.4453125 0.5046875 0.0578125 0.10859375