0 0.09765625 0.20911458333333335 0.13495370370370371 0.22138888888888894
0 0.4066550925925926 0.27111111111111114 0.19837962962962977 0.23527777777777778
0 0.26883680555555556 0.3438194444444444 0.13848379629629629 0.2058680555555556
0 0.453125 0.47588541666666667 0.12505787037037042 0.1930902777777778
0 0.6666087962962963 0.3365451388888889 0.12274305555555554 0.1197222222222222
0 0.8627893518518519 0.4495659722222222 0.09855324074074048 0.13010416666666663
0 0.5287326388888889 0.2817013888888889 0.1140625 0.17100694444444448
0 0.629369212962963 0.24581597222222223 0.2169560185185185 0.2544097222222222
0 0.8730324074074074 0.20753472222222222 0.24895833333333323 0.2442013888888889
0 0.8206886574074073 0.35659722222222223 0.18587962962962976 0.19288194444444445
0 0.9793113425925926 0.3730208333333333 0.04137731481481488 0.1779861111111111
0 0.6509837962962963 0.5270486111111111 0.048379629629629585 0.06347222222222229
0 0.6853587962962964 0.44177083333333333 0.09832175925925916 0.12697916666666664
0 0.7399016203703704 0.4914236111111111 0.0752893518518519 0.1108680555555555
0 0.516724537037037 0.5527256944444444 0.028472222222222142 0.04743055555555564
0 0.48298611111111106 0.47756944444444444 0.08043981481481488 0.11722222222222226