0 0.6862615740740741 0.379542824074074 0.09829861111111118 0.10790509259259266
0 0.2819386574074074 0.19722800925925926 0.11559027777777775 0.1368402777777778
0 0.1602314814814815 0.2401446759259259 0.13802083333333331 0.14734953703703707
0 0.4567881944444444 0.42726851851851855 0.08248842592592602 0.10396990740740737
0 0.4376851851851852 0.4999131944444445 0.052696759259259277 0.07438657407407412
0 0.35811921296296295 0.5414236111111111 0.019780092592592523 0.044641203703703704
0 0.47723958333333333 0.5290162037037037 0.029803240740740655 0.056064814814814845
0 0.49373263888888885 0.53984375 0.02171296296296301 0.05097222222222229
0 0.5255787037037037 0.5413078703703704 0.03376157407407412 0.07028935185185184
0 0.45580439814814816 0.5753009259259259 0.02354166666666675 0.029259259259259273
0 0.3939930555555556 0.5800636574074074 0.024467592592592523 0.044884259259259277