0 0.6784722222222221 0.4016145833333333 0.09607638888888878 0.10885416666666678
0 0.2292361111111111 0.2768576388888889 0.11388888888888893 0.13774305555555558
0 0.12003472222222222 0.3345659722222222 0.13600694444444444 0.14965277777777786
0 0.46326388888888886 0.4788541666666667 0.07881944444444447 0.10496527777777764
0 0.4632118055555555 0.5515798611111111 0.05159722222222207 0.07409722222222222
0 0.3948263888888889 0.6025 0.019722222222222287 0.04458333333333329
0 0.5096180555555556 0.5747569444444445 0.027777777777777856 0.05586805555555561
0 0.5297569444444444 0.5834722222222222 0.019861111111111107 0.050833333333333286
0 0.5610937500000001 0.5809548611111112 0.0328125 0.07170138888888893
0 0.5007291666666667 0.6228472222222223 0.02250000000000014 0.029097222222222285
0 0.4410069444444444 0.6358333333333334 0.022847222222222286 0.04472222222222229