0 0.440625 0.19470486111111113 0.0875 0.1439814814814815
0 0.38125 0.21472800925925925 0.05 0.10370370370370371
0 0.334375 0.24476273148148148 0.06875 0.14728009259259256
0 0.209375 0.30011574074074077 0.0734375 0.1351273148148148
0 0.14609375 0.28292824074074074 0.0390625 0.08258101851851851
0 0.1046875 0.29771412037037037 0.071875 0.11626157407407404
0 0.75546875 0.20028935185185182 0.09375 0.16163194444444445
0 0.865625 0.17181712962962964 0.08125 0.16539351851851852
0 0.38984375 0.4773726851851851 0.1640625 0.27777777777777785
0 0.15703125 0.5266493055555556 0.1453125 0.22795138888888894
0 0.1265625 0.76796875 0.2109375 0.3578125