0 0.9519560185185185 0.2359143518518519 0.0953009259259261 0.21215277777777777
0 0.6420312499999999 0.2763541666666667 0.15783564814814816 0.21869212962962958
0 0.7762673611111112 0.3591145833333333 0.10143518518518527 0.196712962962963
0 0.5880439814814815 0.47799768518518515 0.0919675925925926 0.1839351851851852
0 0.38060763888888893 0.3239525462962963 0.10391203703703696 0.1093055555555555
0 0.1812962962962963 0.4228472222222222 0.0758912037037037 0.12253472222222221
0 0.5201446759259258 0.2784027777777778 0.08400462962962969 0.1633912037037037
0 0.4213657407407407 0.23522569444444447 0.17358796296296292 0.23634259259259255
0 0.18105902777777777 0.1798321759259259 0.2094212962962963 0.22334490740740742
0 0.22673032407407406 0.33241898148148147 0.15440972222222218 0.177974537037037
0 0.03764467592592592 0.3348958333333333 0.0715625 0.1708333333333334
0 0.3890625 0.5159317129629629 0.03637731481481481 0.06043981481481477
0 0.3587152777777778 0.42774884259259255 0.07743055555555553 0.11945601851851854
0 0.3020138888888889 0.4739699074074074 0.055451388888888876 0.10474537037037042
0 0.5206018518518519 0.5511053240740741 0.02064814814814824 0.045914351851851797
0 0.5583506944444444 0.4780960648148148 0.06018518518518512 0.11113425925925924